        1001
         972
         962
         981
         990
         978
         913
        1020
         998
         934
         956
         970
        1014
         963
         965
         994
         984
         994
         987
        1018
         979
         969
         945
         953
        1048
         964
        1019
         954
         988
         996
         978
         970
        1033
         987
        1019
         945
         915
         976
        1019
        1016
        1002
         980
         974
        1047
         964
        1017
        1017
        1030
        1027
         953
         966
        1022
        1032
         998
         979
        1013
         916
        1046
         989
         944
         979
         954
         997
         970
         957
         984
         933
         991
        1051
         998
         975
         972
         969
        1030
         965
        1019
        1072
         998
        1000
         968
         991
         994
         935
         963
         968
        1032
        1018
        1011
        1017
        1038
        1035
         942
         934
         988
         955
         961
         953
         972
         997
         992
         988
         976
        1007
        1011
         949
         994
        1014
         966
        1005
         937
         946
        1018
        1022
         994
        1004
         959
         997
         981
         932
         942
         984
         952
        1017
        1047
         928
         993
         966
        1020
        1075
         997
         984
        1032
         991
         995
         997
         931
        1003
         931
        1067
        1046
        1035
         900
         962
         972
         977
         949
        1022
        1000
         946
         966
         971
         974
        1022
         997
         970
        1039
        1002
         941
         997
         995
         988
         988
        1002
         996
        1004
         964
        1042
        1009
         967
         945
         999
         990
         938
         980
         919
         983
         980
         971
        1069
         951
         990
         992
         991
        1020
         949
         948
        1024
         941
         967
        1023
         968
         980
         997
        1004
         935
         951
        1021
         967
         918
         986
         975
        1024
         964
        1030
         998
        1058
         955
         975
         956
         994
         982
         960
         917
         984
        1013
         997
         929
         983
         960
         950
         928
         950
         984
         991
         977
         985
         969
        1013
         987
         997
         996
         915
        1001
         952
         982
         971
        1045
        1000
         978
        1010
         966
         991
         994
        1040
         993
         965
         977
         943
        1004
         914
         967
         983
         947
         964
         964
        1004
        1001
         926
         961
        1012
        1008
         998
         958
        1011
        1002
         938
         957
         999
        1044
        1046
        1011
         928
         954
         985
         982
         973
         945
         966
         974
         998
         954
         955
         994
         906
         993
         966
        1003
         924
        1002
         982
         966
        1019
        1017
         982
        1032
        1011
         984
         993
        1008
         968
         944
        1005
         927
         998
        1003
         982
        1010
         957
         952
         992
        1055
        1018
        1001
        1017
        1000
        1008
         965
         997
         996
         983
         986
         985
        1048
        1013
         970
        1011
         983
         942
        1001
        1052
         973
         968
         984
         977
        1020
         964
         992
        1018
        1011
         988
         960
         936
        1057
         950
         991
        1025
         961
         989
         988
        1028
         982
         959
         962
         946
        1060
         967
         998
         936
        1012
         958
         997
         962
         962
        1021
         992
        1008
        1020
         989
        1026
         934
        1023
        1020
        1045
         935
        1001
         975
         993
         970
         998
        1026
        1019
         945
        1003
         999
         947
         967
         986
        1001
        1010
         977
        1018
         956
         994
         977
        1023
         993
        1005
        1018
        1008
         977
        1037
         997
        1046
        1013
         975
        1000
        1041
         910
         965
         984
        1013
        1013
         983
         955
        1030
         936
         974
         971
         966
         966
         921
         955
        1009
        1016
         961
         972
         956
        1009
        1036
         973
         969
        1025
         922
        1018
         982
         973
         986
         995
         986
         899
        1021
         948
         988
        1000
         955
        1045
         957
         951
         966
        1011
        1053
         971
         957
         934
         995
         982
         976
        1002
        1001
         986
         985
         970
         970
        1017
        1015
         961
        1004
         942
         987
         948
         994
         943
         918
        1033
        1014
         922
        1006
        1001
        1033
        1006
         971
         950
         977
        1002
         947
        1045
         979
         981
         956
         990
        1026
         968
         926
         987
         932
         940
        1028
         987
         980
        1011
         989
        1000
         944
         941
         985
         994
         977
         979
        1001
        1028
         934
        1050
         993
         976
         979
         972
         958
        1028
         962
         956
         995
         939
         876
        1002
         954
         971
         976
         940
         998
         975
         969
         976
         945
        1052
         962
         992
         995
         965
         962
         979
         994
         981
         938
        1053
         977
         992
         955
         962
        1014
         966
        1028
        1004
         972
         976
         991
         947
         968
        1001
         981
         984
         997
         949
         962
         963
        1006
         944
         990
         981
         980
         952
         946
        1011
        1009
         979
         931
         942
         977
         987
        1011
        1037
         965
        1028
        1018
         976
        1005
         982
         984
         967
         981
         961
         993
         954
         951
        1005
         956
        1005
        1014
        1007
         989
        1016
        1011
         987
         994
        1019
        1000
        1021
        1033
         943
        1016
         933
        1037
         996
        1034
         982
         936
         929
        1017
         971
         949
         966
         977
         985
         985
         949
        1037
         984
         970
         962
         995
         938
         976
        1011
         904
         961
        1055
         997
        1005
         979
         999
        1017
         987
        1023
         989
        1034
         934
        1005
         970
        1002
         950
         920
        1015
         993
         978
         966
         987
         988
        1017
         976
        1003
        1025
         978
         974
         937
         959
        1030
         959
         946
         966
         964
         974
        1020
         947
         971
         966
         985
         981
         966
         989
         943
         994
         997
         957
         952
         973
        1043
         966
        1029
        1036
         992
         948
         959
        1023
         981
         993
        1000
         982
         957
         981
         949
        1036
         968
        1000
        1015
        1010
         932
         943
         965
         957
         962
         993
         982
         966
        1003
        1053
        1017
         964
        1010
         967
        1004
        1013
        1002
         971
        1032
         989
        1006
        1005
        1016
         948
         957
         953
         980
         968
         955
         957
         961
         968
         946
         972
         993
        1021
        1015
         943
         998
         942
         967
        1012
         969
         966
         999
         912
        1004
         967
         982
         995
         962
         965
         956
         992
         983
         969
         994
         954
         981
        1027
         990
        1006
         987
         963
         982
         976
         964
         967
         961
         959
        1015
        1001
         966
         971
         983
         997
         984
        1035
        1004
         958
        1006
        1007
        1001
        1061
         986
        1004
        1000
         980
        1060
        1012
        1013
         984
         978
         945
        1016
         933
         958
         975
        1001
        1018
         926
         930
         996
         946
        1011
        1015
         980
        1028
         977
        1037
        1006
         966
        1003
         988
         986
         992
        1001
         985
         936
         992
         962
         995
         997
         975
        1001
         989
        1005
        1026
        1014
        1015
         995
         976
         976
         993
         968
        1006
        1025
         971
        1000
         941
         996
        1002
         986
        1043
         959
        1013
        1037
         925
         988
        1056
        1016
         965
         984
         921
         958
         968
        1006
         932
         961
        1009
        1030
         934
         996
         973
         968
        1013
         997
         970
         960
        1014
        1008
        1000
         992
        1022
         997
         966
         967
        1018
         964
        1032
         975
         980
        1079
        1005
         974
         965
         959
         954
        1008
         999
         966
        1044
         951
         985
         959
         994
         945
        1023
         951
        1025
         978
         978
        1012
        1013
         989
        1032
        1006
         989
        1002
        1001
        1035
        1002
         982
        1001
        1045
         993
         980
         988
         972
         930
         943
         989
        1042
         979
         972
        1010
        1007
         985
         974
        1004
         942
         954
         970
         978
        1027
         971
         950
        1003
         995
         954
         973
        1013
        1036
         984
        1052
         995
        1007
         951
         959
        1037
        1007
         983
         933
         944
        1041
        1006
        1048
         956
         947
         940
        1003
         991
         972
        1013
         929
         995
         995
        1011
         974
         982
         922
         939
         969
         992
         955
         995
        1044
        1056
         978
        1020
         955
        1005
         990
         978
         998
        1026
        1026
        1030
         953
        1066
         907
         985
         995
         926
         976
         932
